{
 "cells": [
  {
   "cell_type": "markdown",
   "source": [
    " # 回帰2:住宅の平均価格の予測"
   ],
   "metadata": {}
  },
  {
   "cell_type": "code",
   "execution_count": 23,
   "source": [
    "import unittest\n",
    "import doctest\n",
    "import os\n",
    "\n",
    "from domain import SQLRepository, convert_categoricals, CategoricalData, DataVisualization\n",
    "\n",
    "path = os.path.dirname(os.path.abspath(__file__))\n",
    "repo = SQLRepository(table='Boston')\n",
    "#repo = CSVRepository(file=path + '/data/Boston.csv')"
   ],
   "outputs": [],
   "metadata": {}
  },
  {
   "cell_type": "markdown",
   "source": [
    " ## データの内容\n",
    " | 列名 | 内容 |\n",
    " | --- | --- |\n",
    " | CRIME | その地域の犯罪発生率(high,low,very_low)|\n",
    " | ZN | 25,000平方フィート以上の住居区画の占める割合 |\n",
    " | INDUS | 小売業以外の商業が占める面積の割合 |\n",
    " | CHAS | チャールズ川の付近かどうかによるダミー変数(1:川の周辺, 0:それ以外) |\n",
    " | NOX | 窒素酸化物の濃度 |\n",
    " | RM | 住居の平均部屋数 |\n",
    " | AGE | 1940年より前に建てられた物件の割合 |\n",
    " | DIS | ボストン市内の5つの雇用施設からの距離 |\n",
    " | RAD | 環状高速道路へのアクセスしやすさ |\n",
    " | TAX | $10,000ドルあたりの不動産税率の総計 |\n",
    " | PTRATIO | 町ごとの教員1人当たりの児童生徒数 |\n",
    " | B | 町ごとの黒人(Bk)の比率を次の式で表したもの。1000(Bk - 0.63)^2 |\n",
    " | LSTAT | 人口における低所得者の割合 |\n",
    " | PRICE | 住宅価格の平均価格 |"
   ],
   "metadata": {}
  },
  {
   "cell_type": "code",
   "execution_count": 24,
   "source": [
    "df = repo.get_data()\n",
    "df.head(3)"
   ],
   "outputs": [
    {
     "output_type": "execute_result",
     "data": {
      "text/html": [
       "<div>\n",
       "<style scoped>\n",
       "    .dataframe tbody tr th:only-of-type {\n",
       "        vertical-align: middle;\n",
       "    }\n",
       "\n",
       "    .dataframe tbody tr th {\n",
       "        vertical-align: top;\n",
       "    }\n",
       "\n",
       "    .dataframe thead th {\n",
       "        text-align: right;\n",
       "    }\n",
       "</style>\n",
       "<table border=\"1\" class=\"dataframe\">\n",
       "  <thead>\n",
       "    <tr style=\"text-align: right;\">\n",
       "      <th></th>\n",
       "      <th>ID</th>\n",
       "      <th>CRIME</th>\n",
       "      <th>ZN</th>\n",
       "      <th>INDUS</th>\n",
       "      <th>CHAS</th>\n",
       "      <th>NOX</th>\n",
       "      <th>RM</th>\n",
       "      <th>AGE</th>\n",
       "      <th>DIS</th>\n",
       "      <th>RAD</th>\n",
       "      <th>TAX</th>\n",
       "      <th>PTRATIO</th>\n",
       "      <th>B</th>\n",
       "      <th>LSTAT</th>\n",
       "      <th>PRICE</th>\n",
       "    </tr>\n",
       "  </thead>\n",
       "  <tbody>\n",
       "    <tr>\n",
       "      <th>0</th>\n",
       "      <td>0</td>\n",
       "      <td>high</td>\n",
       "      <td>0.0</td>\n",
       "      <td>18.10</td>\n",
       "      <td>0</td>\n",
       "      <td>0.718</td>\n",
       "      <td>3.561</td>\n",
       "      <td>87.9</td>\n",
       "      <td>1.6132</td>\n",
       "      <td>24.0</td>\n",
       "      <td>666</td>\n",
       "      <td>20.2</td>\n",
       "      <td>354.70</td>\n",
       "      <td>7.12</td>\n",
       "      <td>27.5</td>\n",
       "    </tr>\n",
       "    <tr>\n",
       "      <th>1</th>\n",
       "      <td>1</td>\n",
       "      <td>low</td>\n",
       "      <td>0.0</td>\n",
       "      <td>8.14</td>\n",
       "      <td>0</td>\n",
       "      <td>0.538</td>\n",
       "      <td>5.950</td>\n",
       "      <td>82.0</td>\n",
       "      <td>3.9900</td>\n",
       "      <td>4.0</td>\n",
       "      <td>307</td>\n",
       "      <td>21.0</td>\n",
       "      <td>232.60</td>\n",
       "      <td>27.71</td>\n",
       "      <td>13.2</td>\n",
       "    </tr>\n",
       "    <tr>\n",
       "      <th>2</th>\n",
       "      <td>2</td>\n",
       "      <td>very_low</td>\n",
       "      <td>82.5</td>\n",
       "      <td>2.03</td>\n",
       "      <td>0</td>\n",
       "      <td>0.415</td>\n",
       "      <td>6.162</td>\n",
       "      <td>38.4</td>\n",
       "      <td>6.2700</td>\n",
       "      <td>2.0</td>\n",
       "      <td>348</td>\n",
       "      <td>14.7</td>\n",
       "      <td>393.77</td>\n",
       "      <td>7.43</td>\n",
       "      <td>24.1</td>\n",
       "    </tr>\n",
       "  </tbody>\n",
       "</table>\n",
       "</div>"
      ],
      "text/plain": [
       "   ID     CRIME    ZN  INDUS  CHAS    NOX     RM   AGE     DIS   RAD  TAX  \\\n",
       "0   0      high   0.0  18.10     0  0.718  3.561  87.9  1.6132  24.0  666   \n",
       "1   1       low   0.0   8.14     0  0.538  5.950  82.0  3.9900   4.0  307   \n",
       "2   2  very_low  82.5   2.03     0  0.415  6.162  38.4  6.2700   2.0  348   \n",
       "\n",
       "   PTRATIO       B  LSTAT  PRICE  \n",
       "0     20.2  354.70   7.12   27.5  \n",
       "1     21.0  232.60  27.71   13.2  \n",
       "2     14.7  393.77   7.43   24.1  "
      ]
     },
     "metadata": {},
     "execution_count": 24
    }
   ],
   "metadata": {}
  },
  {
   "cell_type": "markdown",
   "source": [
    " ## 問題背景"
   ],
   "metadata": {}
  },
  {
   "cell_type": "markdown",
   "source": [
    " ## データ分析の方法検討\n",
    " ボストン市内の特定の地域の住宅価格を予測する回帰式を作成し、どのような地域だと価格が高くなりやすいかを考察する。"
   ],
   "metadata": {}
  },
  {
   "cell_type": "markdown",
   "source": [
    " 分析の実施"
   ],
   "metadata": {}
  },
  {
   "cell_type": "markdown",
   "source": [
    " ### データの概要"
   ],
   "metadata": {}
  },
  {
   "cell_type": "code",
   "execution_count": 25,
   "source": [
    "df.info()"
   ],
   "outputs": [
    {
     "output_type": "stream",
     "name": "stdout",
     "text": [
      "<class 'pandas.core.frame.DataFrame'>\n",
      "RangeIndex: 100 entries, 0 to 99\n",
      "Data columns (total 15 columns):\n",
      " #   Column   Non-Null Count  Dtype  \n",
      "---  ------   --------------  -----  \n",
      " 0   ID       100 non-null    int64  \n",
      " 1   CRIME    100 non-null    object \n",
      " 2   ZN       100 non-null    float64\n",
      " 3   INDUS    100 non-null    float64\n",
      " 4   CHAS     100 non-null    int64  \n",
      " 5   NOX      99 non-null     float64\n",
      " 6   RM       100 non-null    float64\n",
      " 7   AGE      100 non-null    float64\n",
      " 8   DIS      100 non-null    float64\n",
      " 9   RAD      99 non-null     float64\n",
      " 10  TAX      100 non-null    int64  \n",
      " 11  PTRATIO  100 non-null    float64\n",
      " 12  B        100 non-null    float64\n",
      " 13  LSTAT    100 non-null    float64\n",
      " 14  PRICE    100 non-null    float64\n",
      "dtypes: float64(11), int64(3), object(1)\n",
      "memory usage: 11.8+ KB\n"
     ]
    }
   ],
   "metadata": {}
  },
  {
   "cell_type": "markdown",
   "source": [
    " ### データの統計量"
   ],
   "metadata": {}
  },
  {
   "cell_type": "code",
   "execution_count": 26,
   "source": [
    "df.describe()"
   ],
   "outputs": [
    {
     "output_type": "execute_result",
     "data": {
      "text/html": [
       "<div>\n",
       "<style scoped>\n",
       "    .dataframe tbody tr th:only-of-type {\n",
       "        vertical-align: middle;\n",
       "    }\n",
       "\n",
       "    .dataframe tbody tr th {\n",
       "        vertical-align: top;\n",
       "    }\n",
       "\n",
       "    .dataframe thead th {\n",
       "        text-align: right;\n",
       "    }\n",
       "</style>\n",
       "<table border=\"1\" class=\"dataframe\">\n",
       "  <thead>\n",
       "    <tr style=\"text-align: right;\">\n",
       "      <th></th>\n",
       "      <th>ID</th>\n",
       "      <th>ZN</th>\n",
       "      <th>INDUS</th>\n",
       "      <th>CHAS</th>\n",
       "      <th>NOX</th>\n",
       "      <th>RM</th>\n",
       "      <th>AGE</th>\n",
       "      <th>DIS</th>\n",
       "      <th>RAD</th>\n",
       "      <th>TAX</th>\n",
       "      <th>PTRATIO</th>\n",
       "      <th>B</th>\n",
       "      <th>LSTAT</th>\n",
       "      <th>PRICE</th>\n",
       "    </tr>\n",
       "  </thead>\n",
       "  <tbody>\n",
       "    <tr>\n",
       "      <th>count</th>\n",
       "      <td>100.000000</td>\n",
       "      <td>100.000000</td>\n",
       "      <td>100.00000</td>\n",
       "      <td>100.000000</td>\n",
       "      <td>99.000000</td>\n",
       "      <td>100.000000</td>\n",
       "      <td>100.000000</td>\n",
       "      <td>100.000000</td>\n",
       "      <td>99.000000</td>\n",
       "      <td>100.000000</td>\n",
       "      <td>100.00000</td>\n",
       "      <td>100.000000</td>\n",
       "      <td>100.000000</td>\n",
       "      <td>100.000000</td>\n",
       "    </tr>\n",
       "    <tr>\n",
       "      <th>mean</th>\n",
       "      <td>49.500000</td>\n",
       "      <td>9.895000</td>\n",
       "      <td>10.25870</td>\n",
       "      <td>0.050000</td>\n",
       "      <td>0.543354</td>\n",
       "      <td>6.235930</td>\n",
       "      <td>65.579000</td>\n",
       "      <td>3.948910</td>\n",
       "      <td>8.747475</td>\n",
       "      <td>381.120000</td>\n",
       "      <td>18.51700</td>\n",
       "      <td>372.658600</td>\n",
       "      <td>11.826400</td>\n",
       "      <td>23.457000</td>\n",
       "    </tr>\n",
       "    <tr>\n",
       "      <th>std</th>\n",
       "      <td>29.011492</td>\n",
       "      <td>21.261039</td>\n",
       "      <td>6.30552</td>\n",
       "      <td>0.219043</td>\n",
       "      <td>0.111871</td>\n",
       "      <td>0.768287</td>\n",
       "      <td>28.014034</td>\n",
       "      <td>2.079704</td>\n",
       "      <td>8.343815</td>\n",
       "      <td>161.140586</td>\n",
       "      <td>1.94251</td>\n",
       "      <td>59.477814</td>\n",
       "      <td>6.830843</td>\n",
       "      <td>9.570211</td>\n",
       "    </tr>\n",
       "    <tr>\n",
       "      <th>min</th>\n",
       "      <td>0.000000</td>\n",
       "      <td>0.000000</td>\n",
       "      <td>1.91000</td>\n",
       "      <td>0.000000</td>\n",
       "      <td>0.392000</td>\n",
       "      <td>3.561000</td>\n",
       "      <td>6.000000</td>\n",
       "      <td>1.178100</td>\n",
       "      <td>1.000000</td>\n",
       "      <td>188.000000</td>\n",
       "      <td>13.00000</td>\n",
       "      <td>27.490000</td>\n",
       "      <td>1.920000</td>\n",
       "      <td>5.000000</td>\n",
       "    </tr>\n",
       "    <tr>\n",
       "      <th>25%</th>\n",
       "      <td>24.750000</td>\n",
       "      <td>0.000000</td>\n",
       "      <td>5.32000</td>\n",
       "      <td>0.000000</td>\n",
       "      <td>0.451000</td>\n",
       "      <td>5.870500</td>\n",
       "      <td>42.475000</td>\n",
       "      <td>2.363400</td>\n",
       "      <td>4.000000</td>\n",
       "      <td>276.000000</td>\n",
       "      <td>17.60000</td>\n",
       "      <td>376.132500</td>\n",
       "      <td>6.772500</td>\n",
       "      <td>17.800000</td>\n",
       "    </tr>\n",
       "    <tr>\n",
       "      <th>50%</th>\n",
       "      <td>49.500000</td>\n",
       "      <td>0.000000</td>\n",
       "      <td>7.38000</td>\n",
       "      <td>0.000000</td>\n",
       "      <td>0.507000</td>\n",
       "      <td>6.135500</td>\n",
       "      <td>68.450000</td>\n",
       "      <td>3.560000</td>\n",
       "      <td>5.000000</td>\n",
       "      <td>307.000000</td>\n",
       "      <td>18.65000</td>\n",
       "      <td>392.580000</td>\n",
       "      <td>10.445000</td>\n",
       "      <td>21.500000</td>\n",
       "    </tr>\n",
       "    <tr>\n",
       "      <th>75%</th>\n",
       "      <td>74.250000</td>\n",
       "      <td>3.125000</td>\n",
       "      <td>18.10000</td>\n",
       "      <td>0.000000</td>\n",
       "      <td>0.609500</td>\n",
       "      <td>6.457250</td>\n",
       "      <td>89.025000</td>\n",
       "      <td>5.117025</td>\n",
       "      <td>8.000000</td>\n",
       "      <td>430.500000</td>\n",
       "      <td>20.20000</td>\n",
       "      <td>396.397500</td>\n",
       "      <td>14.482500</td>\n",
       "      <td>24.800000</td>\n",
       "    </tr>\n",
       "    <tr>\n",
       "      <th>max</th>\n",
       "      <td>99.000000</td>\n",
       "      <td>95.000000</td>\n",
       "      <td>25.65000</td>\n",
       "      <td>1.000000</td>\n",
       "      <td>0.871000</td>\n",
       "      <td>8.704000</td>\n",
       "      <td>100.000000</td>\n",
       "      <td>10.585700</td>\n",
       "      <td>24.000000</td>\n",
       "      <td>666.000000</td>\n",
       "      <td>22.00000</td>\n",
       "      <td>396.900000</td>\n",
       "      <td>30.590000</td>\n",
       "      <td>50.000000</td>\n",
       "    </tr>\n",
       "  </tbody>\n",
       "</table>\n",
       "</div>"
      ],
      "text/plain": [
       "               ID          ZN      INDUS        CHAS        NOX          RM  \\\n",
       "count  100.000000  100.000000  100.00000  100.000000  99.000000  100.000000   \n",
       "mean    49.500000    9.895000   10.25870    0.050000   0.543354    6.235930   \n",
       "std     29.011492   21.261039    6.30552    0.219043   0.111871    0.768287   \n",
       "min      0.000000    0.000000    1.91000    0.000000   0.392000    3.561000   \n",
       "25%     24.750000    0.000000    5.32000    0.000000   0.451000    5.870500   \n",
       "50%     49.500000    0.000000    7.38000    0.000000   0.507000    6.135500   \n",
       "75%     74.250000    3.125000   18.10000    0.000000   0.609500    6.457250   \n",
       "max     99.000000   95.000000   25.65000    1.000000   0.871000    8.704000   \n",
       "\n",
       "              AGE         DIS        RAD         TAX    PTRATIO           B  \\\n",
       "count  100.000000  100.000000  99.000000  100.000000  100.00000  100.000000   \n",
       "mean    65.579000    3.948910   8.747475  381.120000   18.51700  372.658600   \n",
       "std     28.014034    2.079704   8.343815  161.140586    1.94251   59.477814   \n",
       "min      6.000000    1.178100   1.000000  188.000000   13.00000   27.490000   \n",
       "25%     42.475000    2.363400   4.000000  276.000000   17.60000  376.132500   \n",
       "50%     68.450000    3.560000   5.000000  307.000000   18.65000  392.580000   \n",
       "75%     89.025000    5.117025   8.000000  430.500000   20.20000  396.397500   \n",
       "max    100.000000   10.585700  24.000000  666.000000   22.00000  396.900000   \n",
       "\n",
       "            LSTAT       PRICE  \n",
       "count  100.000000  100.000000  \n",
       "mean    11.826400   23.457000  \n",
       "std      6.830843    9.570211  \n",
       "min      1.920000    5.000000  \n",
       "25%      6.772500   17.800000  \n",
       "50%     10.445000   21.500000  \n",
       "75%     14.482500   24.800000  \n",
       "max     30.590000   50.000000  "
      ]
     },
     "metadata": {},
     "execution_count": 26
    }
   ],
   "metadata": {}
  },
  {
   "cell_type": "markdown",
   "source": [
    " ### データの特徴量の相関確認"
   ],
   "metadata": {}
  },
  {
   "cell_type": "code",
   "execution_count": 27,
   "source": [
    "categorical_cols = ['PRICE']\n",
    "df_conv = convert_categoricals(df, categorical_cols)\n",
    "df_conv.corr()"
   ],
   "outputs": [
    {
     "output_type": "execute_result",
     "data": {
      "text/html": [
       "<div>\n",
       "<style scoped>\n",
       "    .dataframe tbody tr th:only-of-type {\n",
       "        vertical-align: middle;\n",
       "    }\n",
       "\n",
       "    .dataframe tbody tr th {\n",
       "        vertical-align: top;\n",
       "    }\n",
       "\n",
       "    .dataframe thead th {\n",
       "        text-align: right;\n",
       "    }\n",
       "</style>\n",
       "<table border=\"1\" class=\"dataframe\">\n",
       "  <thead>\n",
       "    <tr style=\"text-align: right;\">\n",
       "      <th></th>\n",
       "      <th>ID</th>\n",
       "      <th>ZN</th>\n",
       "      <th>INDUS</th>\n",
       "      <th>CHAS</th>\n",
       "      <th>NOX</th>\n",
       "      <th>RM</th>\n",
       "      <th>AGE</th>\n",
       "      <th>DIS</th>\n",
       "      <th>RAD</th>\n",
       "      <th>TAX</th>\n",
       "      <th>PTRATIO</th>\n",
       "      <th>B</th>\n",
       "      <th>LSTAT</th>\n",
       "      <th>PRICE</th>\n",
       "    </tr>\n",
       "  </thead>\n",
       "  <tbody>\n",
       "    <tr>\n",
       "      <th>ID</th>\n",
       "      <td>1.000000</td>\n",
       "      <td>-0.055896</td>\n",
       "      <td>0.097731</td>\n",
       "      <td>-0.043712</td>\n",
       "      <td>0.070360</td>\n",
       "      <td>-0.086694</td>\n",
       "      <td>0.062875</td>\n",
       "      <td>-0.059059</td>\n",
       "      <td>0.032424</td>\n",
       "      <td>0.059203</td>\n",
       "      <td>0.002590</td>\n",
       "      <td>0.093768</td>\n",
       "      <td>0.120334</td>\n",
       "      <td>-0.118742</td>\n",
       "    </tr>\n",
       "    <tr>\n",
       "      <th>ZN</th>\n",
       "      <td>-0.055896</td>\n",
       "      <td>1.000000</td>\n",
       "      <td>-0.413801</td>\n",
       "      <td>-0.020551</td>\n",
       "      <td>-0.459571</td>\n",
       "      <td>0.172917</td>\n",
       "      <td>-0.484837</td>\n",
       "      <td>0.593037</td>\n",
       "      <td>-0.254731</td>\n",
       "      <td>-0.257640</td>\n",
       "      <td>-0.262523</td>\n",
       "      <td>0.145139</td>\n",
       "      <td>-0.337898</td>\n",
       "      <td>0.245650</td>\n",
       "    </tr>\n",
       "    <tr>\n",
       "      <th>INDUS</th>\n",
       "      <td>0.097731</td>\n",
       "      <td>-0.413801</td>\n",
       "      <td>1.000000</td>\n",
       "      <td>0.157138</td>\n",
       "      <td>0.803621</td>\n",
       "      <td>-0.421951</td>\n",
       "      <td>0.620097</td>\n",
       "      <td>-0.676479</td>\n",
       "      <td>0.650430</td>\n",
       "      <td>0.743518</td>\n",
       "      <td>0.282389</td>\n",
       "      <td>-0.324724</td>\n",
       "      <td>0.562670</td>\n",
       "      <td>-0.512754</td>\n",
       "    </tr>\n",
       "    <tr>\n",
       "      <th>CHAS</th>\n",
       "      <td>-0.043712</td>\n",
       "      <td>-0.020551</td>\n",
       "      <td>0.157138</td>\n",
       "      <td>1.000000</td>\n",
       "      <td>0.129395</td>\n",
       "      <td>0.072048</td>\n",
       "      <td>0.096141</td>\n",
       "      <td>-0.118997</td>\n",
       "      <td>0.095917</td>\n",
       "      <td>0.103137</td>\n",
       "      <td>-0.030505</td>\n",
       "      <td>0.017520</td>\n",
       "      <td>-0.061717</td>\n",
       "      <td>0.069790</td>\n",
       "    </tr>\n",
       "    <tr>\n",
       "      <th>NOX</th>\n",
       "      <td>0.070360</td>\n",
       "      <td>-0.459571</td>\n",
       "      <td>0.803621</td>\n",
       "      <td>0.129395</td>\n",
       "      <td>1.000000</td>\n",
       "      <td>-0.297559</td>\n",
       "      <td>0.698213</td>\n",
       "      <td>-0.757913</td>\n",
       "      <td>0.624347</td>\n",
       "      <td>0.693711</td>\n",
       "      <td>0.099182</td>\n",
       "      <td>-0.371288</td>\n",
       "      <td>0.507267</td>\n",
       "      <td>-0.444202</td>\n",
       "    </tr>\n",
       "    <tr>\n",
       "      <th>RM</th>\n",
       "      <td>-0.086694</td>\n",
       "      <td>0.172917</td>\n",
       "      <td>-0.421951</td>\n",
       "      <td>0.072048</td>\n",
       "      <td>-0.297559</td>\n",
       "      <td>1.000000</td>\n",
       "      <td>-0.201136</td>\n",
       "      <td>0.095502</td>\n",
       "      <td>-0.277143</td>\n",
       "      <td>-0.354765</td>\n",
       "      <td>-0.363856</td>\n",
       "      <td>0.099481</td>\n",
       "      <td>-0.560947</td>\n",
       "      <td>0.591992</td>\n",
       "    </tr>\n",
       "    <tr>\n",
       "      <th>AGE</th>\n",
       "      <td>0.062875</td>\n",
       "      <td>-0.484837</td>\n",
       "      <td>0.620097</td>\n",
       "      <td>0.096141</td>\n",
       "      <td>0.698213</td>\n",
       "      <td>-0.201136</td>\n",
       "      <td>1.000000</td>\n",
       "      <td>-0.696931</td>\n",
       "      <td>0.402114</td>\n",
       "      <td>0.441867</td>\n",
       "      <td>0.147185</td>\n",
       "      <td>-0.231157</td>\n",
       "      <td>0.471668</td>\n",
       "      <td>-0.482590</td>\n",
       "    </tr>\n",
       "    <tr>\n",
       "      <th>DIS</th>\n",
       "      <td>-0.059059</td>\n",
       "      <td>0.593037</td>\n",
       "      <td>-0.676479</td>\n",
       "      <td>-0.118997</td>\n",
       "      <td>-0.757913</td>\n",
       "      <td>0.095502</td>\n",
       "      <td>-0.696931</td>\n",
       "      <td>1.000000</td>\n",
       "      <td>-0.470488</td>\n",
       "      <td>-0.499881</td>\n",
       "      <td>-0.083598</td>\n",
       "      <td>0.237879</td>\n",
       "      <td>-0.380318</td>\n",
       "      <td>0.189752</td>\n",
       "    </tr>\n",
       "    <tr>\n",
       "      <th>RAD</th>\n",
       "      <td>0.032424</td>\n",
       "      <td>-0.254731</td>\n",
       "      <td>0.650430</td>\n",
       "      <td>0.095917</td>\n",
       "      <td>0.624347</td>\n",
       "      <td>-0.277143</td>\n",
       "      <td>0.402114</td>\n",
       "      <td>-0.470488</td>\n",
       "      <td>1.000000</td>\n",
       "      <td>0.945465</td>\n",
       "      <td>0.441143</td>\n",
       "      <td>-0.378279</td>\n",
       "      <td>0.317426</td>\n",
       "      <td>-0.311677</td>\n",
       "    </tr>\n",
       "    <tr>\n",
       "      <th>TAX</th>\n",
       "      <td>0.059203</td>\n",
       "      <td>-0.257640</td>\n",
       "      <td>0.743518</td>\n",
       "      <td>0.103137</td>\n",
       "      <td>0.693711</td>\n",
       "      <td>-0.354765</td>\n",
       "      <td>0.441867</td>\n",
       "      <td>-0.499881</td>\n",
       "      <td>0.945465</td>\n",
       "      <td>1.000000</td>\n",
       "      <td>0.409159</td>\n",
       "      <td>-0.383749</td>\n",
       "      <td>0.367904</td>\n",
       "      <td>-0.412400</td>\n",
       "    </tr>\n",
       "    <tr>\n",
       "      <th>PTRATIO</th>\n",
       "      <td>0.002590</td>\n",
       "      <td>-0.262523</td>\n",
       "      <td>0.282389</td>\n",
       "      <td>-0.030505</td>\n",
       "      <td>0.099182</td>\n",
       "      <td>-0.363856</td>\n",
       "      <td>0.147185</td>\n",
       "      <td>-0.083598</td>\n",
       "      <td>0.441143</td>\n",
       "      <td>0.409159</td>\n",
       "      <td>1.000000</td>\n",
       "      <td>-0.156204</td>\n",
       "      <td>0.262200</td>\n",
       "      <td>-0.411741</td>\n",
       "    </tr>\n",
       "    <tr>\n",
       "      <th>B</th>\n",
       "      <td>0.093768</td>\n",
       "      <td>0.145139</td>\n",
       "      <td>-0.324724</td>\n",
       "      <td>0.017520</td>\n",
       "      <td>-0.371288</td>\n",
       "      <td>0.099481</td>\n",
       "      <td>-0.231157</td>\n",
       "      <td>0.237879</td>\n",
       "      <td>-0.378279</td>\n",
       "      <td>-0.383749</td>\n",
       "      <td>-0.156204</td>\n",
       "      <td>1.000000</td>\n",
       "      <td>-0.313913</td>\n",
       "      <td>0.327434</td>\n",
       "    </tr>\n",
       "    <tr>\n",
       "      <th>LSTAT</th>\n",
       "      <td>0.120334</td>\n",
       "      <td>-0.337898</td>\n",
       "      <td>0.562670</td>\n",
       "      <td>-0.061717</td>\n",
       "      <td>0.507267</td>\n",
       "      <td>-0.560947</td>\n",
       "      <td>0.471668</td>\n",
       "      <td>-0.380318</td>\n",
       "      <td>0.317426</td>\n",
       "      <td>0.367904</td>\n",
       "      <td>0.262200</td>\n",
       "      <td>-0.313913</td>\n",
       "      <td>1.000000</td>\n",
       "      <td>-0.763961</td>\n",
       "    </tr>\n",
       "    <tr>\n",
       "      <th>PRICE</th>\n",
       "      <td>-0.118742</td>\n",
       "      <td>0.245650</td>\n",
       "      <td>-0.512754</td>\n",
       "      <td>0.069790</td>\n",
       "      <td>-0.444202</td>\n",
       "      <td>0.591992</td>\n",
       "      <td>-0.482590</td>\n",
       "      <td>0.189752</td>\n",
       "      <td>-0.311677</td>\n",
       "      <td>-0.412400</td>\n",
       "      <td>-0.411741</td>\n",
       "      <td>0.327434</td>\n",
       "      <td>-0.763961</td>\n",
       "      <td>1.000000</td>\n",
       "    </tr>\n",
       "  </tbody>\n",
       "</table>\n",
       "</div>"
      ],
      "text/plain": [
       "               ID        ZN     INDUS      CHAS       NOX        RM       AGE  \\\n",
       "ID       1.000000 -0.055896  0.097731 -0.043712  0.070360 -0.086694  0.062875   \n",
       "ZN      -0.055896  1.000000 -0.413801 -0.020551 -0.459571  0.172917 -0.484837   \n",
       "INDUS    0.097731 -0.413801  1.000000  0.157138  0.803621 -0.421951  0.620097   \n",
       "CHAS    -0.043712 -0.020551  0.157138  1.000000  0.129395  0.072048  0.096141   \n",
       "NOX      0.070360 -0.459571  0.803621  0.129395  1.000000 -0.297559  0.698213   \n",
       "RM      -0.086694  0.172917 -0.421951  0.072048 -0.297559  1.000000 -0.201136   \n",
       "AGE      0.062875 -0.484837  0.620097  0.096141  0.698213 -0.201136  1.000000   \n",
       "DIS     -0.059059  0.593037 -0.676479 -0.118997 -0.757913  0.095502 -0.696931   \n",
       "RAD      0.032424 -0.254731  0.650430  0.095917  0.624347 -0.277143  0.402114   \n",
       "TAX      0.059203 -0.257640  0.743518  0.103137  0.693711 -0.354765  0.441867   \n",
       "PTRATIO  0.002590 -0.262523  0.282389 -0.030505  0.099182 -0.363856  0.147185   \n",
       "B        0.093768  0.145139 -0.324724  0.017520 -0.371288  0.099481 -0.231157   \n",
       "LSTAT    0.120334 -0.337898  0.562670 -0.061717  0.507267 -0.560947  0.471668   \n",
       "PRICE   -0.118742  0.245650 -0.512754  0.069790 -0.444202  0.591992 -0.482590   \n",
       "\n",
       "              DIS       RAD       TAX   PTRATIO         B     LSTAT     PRICE  \n",
       "ID      -0.059059  0.032424  0.059203  0.002590  0.093768  0.120334 -0.118742  \n",
       "ZN       0.593037 -0.254731 -0.257640 -0.262523  0.145139 -0.337898  0.245650  \n",
       "INDUS   -0.676479  0.650430  0.743518  0.282389 -0.324724  0.562670 -0.512754  \n",
       "CHAS    -0.118997  0.095917  0.103137 -0.030505  0.017520 -0.061717  0.069790  \n",
       "NOX     -0.757913  0.624347  0.693711  0.099182 -0.371288  0.507267 -0.444202  \n",
       "RM       0.095502 -0.277143 -0.354765 -0.363856  0.099481 -0.560947  0.591992  \n",
       "AGE     -0.696931  0.402114  0.441867  0.147185 -0.231157  0.471668 -0.482590  \n",
       "DIS      1.000000 -0.470488 -0.499881 -0.083598  0.237879 -0.380318  0.189752  \n",
       "RAD     -0.470488  1.000000  0.945465  0.441143 -0.378279  0.317426 -0.311677  \n",
       "TAX     -0.499881  0.945465  1.000000  0.409159 -0.383749  0.367904 -0.412400  \n",
       "PTRATIO -0.083598  0.441143  0.409159  1.000000 -0.156204  0.262200 -0.411741  \n",
       "B        0.237879 -0.378279 -0.383749 -0.156204  1.000000 -0.313913  0.327434  \n",
       "LSTAT   -0.380318  0.317426  0.367904  0.262200 -0.313913  1.000000 -0.763961  \n",
       "PRICE    0.189752 -0.311677 -0.412400 -0.411741  0.327434 -0.763961  1.000000  "
      ]
     },
     "metadata": {},
     "execution_count": 27
    }
   ],
   "metadata": {}
  },
  {
   "cell_type": "markdown",
   "source": [
    " ### データの数値変数確認"
   ],
   "metadata": {}
  },
  {
   "cell_type": "code",
   "execution_count": 28,
   "source": [
    "df.select_dtypes(include='number').columns"
   ],
   "outputs": [
    {
     "output_type": "execute_result",
     "data": {
      "text/plain": [
       "Index(['ID', 'ZN', 'INDUS', 'CHAS', 'NOX', 'RM', 'AGE', 'DIS', 'RAD', 'TAX',\n",
       "       'PTRATIO', 'B', 'LSTAT', 'PRICE'],\n",
       "      dtype='object')"
      ]
     },
     "metadata": {},
     "execution_count": 28
    }
   ],
   "metadata": {}
  },
  {
   "cell_type": "markdown",
   "source": [
    " ### データのカテゴリ変数確認"
   ],
   "metadata": {}
  },
  {
   "cell_type": "code",
   "execution_count": 29,
   "source": [
    "df.select_dtypes(include='object').columns"
   ],
   "outputs": [
    {
     "output_type": "execute_result",
     "data": {
      "text/plain": [
       "Index(['CRIME'], dtype='object')"
      ]
     },
     "metadata": {},
     "execution_count": 29
    }
   ],
   "metadata": {}
  },
  {
   "cell_type": "markdown",
   "source": [
    " ### CRIMEカテゴリ"
   ],
   "metadata": {}
  },
  {
   "cell_type": "code",
   "execution_count": 30,
   "source": [
    "crime = CategoricalData(df, 'CRIME')"
   ],
   "outputs": [],
   "metadata": {}
  },
  {
   "cell_type": "code",
   "execution_count": 31,
   "source": [
    "crime.show()"
   ],
   "outputs": [
    {
     "output_type": "execute_result",
     "data": {
      "text/plain": [
       "very_low    50\n",
       "high        25\n",
       "low         25\n",
       "Name: CRIME, dtype: int64"
      ]
     },
     "metadata": {},
     "execution_count": 31
    }
   ],
   "metadata": {}
  },
  {
   "cell_type": "code",
   "execution_count": 32,
   "source": [
    "crime.plot()\n",
    "\n",
    "## %% [markdown]\n",
    "# ### 種類カテゴリの数値変換"
   ],
   "outputs": [
    {
     "output_type": "execute_result",
     "data": {
      "text/plain": [
       "<Axes: >"
      ]
     },
     "metadata": {},
     "execution_count": 32
    },
    {
     "output_type": "display_data",
     "data": {
